function F = T_2_matlab(x)
F(1) = 0.010000000001*x(1) + -0.01*x(2) + 1.0*x(185);
F(2) = -0.01*x(1) + 0.03800000000100002*x(2) + -0.002*x(3) + -0.002*x(16) + -0.002*x(29) + -0.002*x(42) + -0.002*x(55) + -0.002*x(68) + -0.002*x(81) + -0.002*x(94) + -0.002*x(107) + -0.002*x(120) + -0.002*x(133) + -0.002*x(146) + -0.002*x(159) + -0.002*x(172);
F(3) = -0.002*x(2) + 0.002000000001*x(3) + 1e-15*(exp((x(3)- x(4))/0.025852) - 1);
F(4) = 0.002000000001*x(4) + -0.002*x(5) - 1e-15*(exp((x(3)- x(4))/0.025852) - 1);
F(5) = -0.002*x(4) + 0.002000000001*x(5) + 1e-15*(exp((x(5)- x(6))/0.025852) - 1);
F(6) = 0.002000000001*x(6) + -0.002*x(7) - 1e-15*(exp((x(5)- x(6))/0.025852) - 1);
F(7) = -0.002*x(6) + 0.002000000001*x(7) + 1e-15*(exp((x(7)- x(8))/0.025852) - 1);
F(8) = 0.002000000001*x(8) + -0.002*x(9) - 1e-15*(exp((x(7)- x(8))/0.025852) - 1);
F(9) = -0.002*x(8) + 0.002000000001*x(9) + 1e-15*(exp((x(9)- x(10))/0.025852) - 1);
F(10) = 0.002000000001*x(10) + -0.002*x(11) - 1e-15*(exp((x(9)- x(10))/0.025852) - 1);
F(11) = -0.002*x(10) + 0.002000000001*x(11) + 1e-15*(exp((x(11)- x(12))/0.025852) - 1);
F(12) = 0.002000000001*x(12) + -0.002*x(13) - 1e-15*(exp((x(11)- x(12))/0.025852) - 1);
F(13) = -0.002*x(12) + 0.002000000001*x(13) + 1e-15*(exp((x(13)- x(14))/0.025852) - 1);
F(14) = 0.002000000001*x(14) + -0.002*x(15) - 1e-15*(exp((x(13)- x(14))/0.025852) - 1);
F(15) = -0.002*x(14) + 0.002000000001*x(15) + 1e-15*(exp((x(15))/0.025852) - 1);
F(16) = -0.002*x(2) + 0.002000000001*x(16) + 1e-15*(exp((x(16)- x(17))/0.025852) - 1);
F(17) = 0.002000000001*x(17) + -0.002*x(18) - 1e-15*(exp((x(16)- x(17))/0.025852) - 1);
F(18) = -0.002*x(17) + 0.002000000001*x(18) + 1e-15*(exp((x(18)- x(19))/0.025852) - 1);
F(19) = 0.002000000001*x(19) + -0.002*x(20) - 1e-15*(exp((x(18)- x(19))/0.025852) - 1);
F(20) = -0.002*x(19) + 0.002000000001*x(20) + 1e-15*(exp((x(20)- x(21))/0.025852) - 1);
F(21) = 0.002000000001*x(21) + -0.002*x(22) - 1e-15*(exp((x(20)- x(21))/0.025852) - 1);
F(22) = -0.002*x(21) + 0.002000000001*x(22) + 1e-15*(exp((x(22)- x(23))/0.025852) - 1);
F(23) = 0.002000000001*x(23) + -0.002*x(24) - 1e-15*(exp((x(22)- x(23))/0.025852) - 1);
F(24) = -0.002*x(23) + 0.002000000001*x(24) + 1e-15*(exp((x(24)- x(25))/0.025852) - 1);
F(25) = 0.002000000001*x(25) + -0.002*x(26) - 1e-15*(exp((x(24)- x(25))/0.025852) - 1);
F(26) = -0.002*x(25) + 0.002000000001*x(26) + 1e-15*(exp((x(26)- x(27))/0.025852) - 1);
F(27) = 0.002000000001*x(27) + -0.002*x(28) - 1e-15*(exp((x(26)- x(27))/0.025852) - 1);
F(28) = -0.002*x(27) + 0.002000000001*x(28) + 1e-15*(exp((x(28))/0.025852) - 1);
F(29) = -0.002*x(2) + 0.002000000001*x(29) + 1e-15*(exp((x(29)- x(30))/0.025852) - 1);
F(30) = 0.002000000001*x(30) + -0.002*x(31) - 1e-15*(exp((x(29)- x(30))/0.025852) - 1);
F(31) = -0.002*x(30) + 0.002000000001*x(31) + 1e-15*(exp((x(31)- x(32))/0.025852) - 1);
F(32) = 0.002000000001*x(32) + -0.002*x(33) - 1e-15*(exp((x(31)- x(32))/0.025852) - 1);
F(33) = -0.002*x(32) + 0.002000000001*x(33) + 1e-15*(exp((x(33)- x(34))/0.025852) - 1);
F(34) = 0.002000000001*x(34) + -0.002*x(35) - 1e-15*(exp((x(33)- x(34))/0.025852) - 1);
F(35) = -0.002*x(34) + 0.002000000001*x(35) + 1e-15*(exp((x(35)- x(36))/0.025852) - 1);
F(36) = 0.002000000001*x(36) + -0.002*x(37) - 1e-15*(exp((x(35)- x(36))/0.025852) - 1);
F(37) = -0.002*x(36) + 0.002000000001*x(37) + 1e-15*(exp((x(37)- x(38))/0.025852) - 1);
F(38) = 0.002000000001*x(38) + -0.002*x(39) - 1e-15*(exp((x(37)- x(38))/0.025852) - 1);
F(39) = -0.002*x(38) + 0.002000000001*x(39) + 1e-15*(exp((x(39)- x(40))/0.025852) - 1);
F(40) = 0.002000000001*x(40) + -0.002*x(41) - 1e-15*(exp((x(39)- x(40))/0.025852) - 1);
F(41) = -0.002*x(40) + 0.002000000001*x(41) + 1e-15*(exp((x(41))/0.025852) - 1);
F(42) = -0.002*x(2) + 0.002000000001*x(42) + 1e-15*(exp((x(42)- x(43))/0.025852) - 1);
F(43) = 0.002000000001*x(43) + -0.002*x(44) - 1e-15*(exp((x(42)- x(43))/0.025852) - 1);
F(44) = -0.002*x(43) + 0.002000000001*x(44) + 1e-15*(exp((x(44)- x(45))/0.025852) - 1);
F(45) = 0.002000000001*x(45) + -0.002*x(46) - 1e-15*(exp((x(44)- x(45))/0.025852) - 1);
F(46) = -0.002*x(45) + 0.002000000001*x(46) + 1e-15*(exp((x(46)- x(47))/0.025852) - 1);
F(47) = 0.002000000001*x(47) + -0.002*x(48) - 1e-15*(exp((x(46)- x(47))/0.025852) - 1);
F(48) = -0.002*x(47) + 0.002000000001*x(48) + 1e-15*(exp((x(48)- x(49))/0.025852) - 1);
F(49) = 0.002000000001*x(49) + -0.002*x(50) - 1e-15*(exp((x(48)- x(49))/0.025852) - 1);
F(50) = -0.002*x(49) + 0.002000000001*x(50) + 1e-15*(exp((x(50)- x(51))/0.025852) - 1);
F(51) = 0.002000000001*x(51) + -0.002*x(52) - 1e-15*(exp((x(50)- x(51))/0.025852) - 1);
F(52) = -0.002*x(51) + 0.002000000001*x(52) + 1e-15*(exp((x(52)- x(53))/0.025852) - 1);
F(53) = 0.002000000001*x(53) + -0.002*x(54) - 1e-15*(exp((x(52)- x(53))/0.025852) - 1);
F(54) = -0.002*x(53) + 0.002000000001*x(54) + 1e-15*(exp((x(54))/0.025852) - 1);
F(55) = -0.002*x(2) + 0.002000000001*x(55) + 1e-15*(exp((x(55)- x(56))/0.025852) - 1);
F(56) = 0.002000000001*x(56) + -0.002*x(57) - 1e-15*(exp((x(55)- x(56))/0.025852) - 1);
F(57) = -0.002*x(56) + 0.002000000001*x(57) + 1e-15*(exp((x(57)- x(58))/0.025852) - 1);
F(58) = 0.002000000001*x(58) + -0.002*x(59) - 1e-15*(exp((x(57)- x(58))/0.025852) - 1);
F(59) = -0.002*x(58) + 0.002000000001*x(59) + 1e-15*(exp((x(59)- x(60))/0.025852) - 1);
F(60) = 0.002000000001*x(60) + -0.002*x(61) - 1e-15*(exp((x(59)- x(60))/0.025852) - 1);
F(61) = -0.002*x(60) + 0.002000000001*x(61) + 1e-15*(exp((x(61)- x(62))/0.025852) - 1);
F(62) = 0.002000000001*x(62) + -0.002*x(63) - 1e-15*(exp((x(61)- x(62))/0.025852) - 1);
F(63) = -0.002*x(62) + 0.002000000001*x(63) + 1e-15*(exp((x(63)- x(64))/0.025852) - 1);
F(64) = 0.002000000001*x(64) + -0.002*x(65) - 1e-15*(exp((x(63)- x(64))/0.025852) - 1);
F(65) = -0.002*x(64) + 0.002000000001*x(65) + 1e-15*(exp((x(65)- x(66))/0.025852) - 1);
F(66) = 0.002000000001*x(66) + -0.002*x(67) - 1e-15*(exp((x(65)- x(66))/0.025852) - 1);
F(67) = -0.002*x(66) + 0.002000000001*x(67) + 1e-15*(exp((x(67))/0.025852) - 1);
F(68) = -0.002*x(2) + 0.002000000001*x(68) + 1e-15*(exp((x(68)- x(69))/0.025852) - 1);
F(69) = 0.002000000001*x(69) + -0.002*x(70) - 1e-15*(exp((x(68)- x(69))/0.025852) - 1);
F(70) = -0.002*x(69) + 0.002000000001*x(70) + 1e-15*(exp((x(70)- x(71))/0.025852) - 1);
F(71) = 0.002000000001*x(71) + -0.002*x(72) - 1e-15*(exp((x(70)- x(71))/0.025852) - 1);
F(72) = -0.002*x(71) + 0.002000000001*x(72) + 1e-15*(exp((x(72)- x(73))/0.025852) - 1);
F(73) = 0.002000000001*x(73) + -0.002*x(74) - 1e-15*(exp((x(72)- x(73))/0.025852) - 1);
F(74) = -0.002*x(73) + 0.002000000001*x(74) + 1e-15*(exp((x(74)- x(75))/0.025852) - 1);
F(75) = 0.002000000001*x(75) + -0.002*x(76) - 1e-15*(exp((x(74)- x(75))/0.025852) - 1);
F(76) = -0.002*x(75) + 0.002000000001*x(76) + 1e-15*(exp((x(76)- x(77))/0.025852) - 1);
F(77) = 0.002000000001*x(77) + -0.002*x(78) - 1e-15*(exp((x(76)- x(77))/0.025852) - 1);
F(78) = -0.002*x(77) + 0.002000000001*x(78) + 1e-15*(exp((x(78)- x(79))/0.025852) - 1);
F(79) = 0.002000000001*x(79) + -0.002*x(80) - 1e-15*(exp((x(78)- x(79))/0.025852) - 1);
F(80) = -0.002*x(79) + 0.002000000001*x(80) + 1e-15*(exp((x(80))/0.025852) - 1);
F(81) = -0.002*x(2) + 0.002000000001*x(81) + 1e-15*(exp((x(81)- x(82))/0.025852) - 1);
F(82) = 0.002000000001*x(82) + -0.002*x(83) - 1e-15*(exp((x(81)- x(82))/0.025852) - 1);
F(83) = -0.002*x(82) + 0.002000000001*x(83) + 1e-15*(exp((x(83)- x(84))/0.025852) - 1);
F(84) = 0.002000000001*x(84) + -0.002*x(85) - 1e-15*(exp((x(83)- x(84))/0.025852) - 1);
F(85) = -0.002*x(84) + 0.002000000001*x(85) + 1e-15*(exp((x(85)- x(86))/0.025852) - 1);
F(86) = 0.002000000001*x(86) + -0.002*x(87) - 1e-15*(exp((x(85)- x(86))/0.025852) - 1);
F(87) = -0.002*x(86) + 0.002000000001*x(87) + 1e-15*(exp((x(87)- x(88))/0.025852) - 1);
F(88) = 0.002000000001*x(88) + -0.002*x(89) - 1e-15*(exp((x(87)- x(88))/0.025852) - 1);
F(89) = -0.002*x(88) + 0.002000000001*x(89) + 1e-15*(exp((x(89)- x(90))/0.025852) - 1);
